Month,Day,Year,Price
September,9,2019,57.88
September,6,2019,56.45
September,5,2019,56.33
September,4,2019,56.22
September,3,2019,53.91
August,30,2019,55.07
August,29,2019,56.67
August,28,2019,55.76
August,27,2019,54.99
August,26,2019,53.54
August,23,2019,54.08
August,22,2019,55.33
August,21,2019,55.65
August,20,2019,56.18
August,19,2019,56.24
August,16,2019,54.83
August,15,2019,54.51
August,14,2019,55.16
August,13,2019,57.05
August,12,2019,54.98
August,9,2019,54.41
August,8,2019,52.60
August,7,2019,51.14
August,6,2019,53.60
August,5,2019,54.63
August,2,2019,55.67
August,1,2019,53.64
July,31,2019,58.53
July,30,2019,58.04
July,29,2019,56.85
July,26,2019,56.04
July,25,2019,55.88
July,24,2019,55.90
July,23,2019,56.58
July,22,2019,55.87
July,19,2019,55.42
July,18,2019,55.08
July,17,2019,56.50
July,16,2019,57.44
July,15,2019,59.30
July,12,2019,59.99
July,11,2019,59.93
July,10,2019,60.28
July,9,2019,57.57
July,8,2019,57.35
July,3,2019,57.06
July,2,2019,56.00
July,1,2019,58.91
June,28,2019,58.20
June,27,2019,59.18
June,26,2019,59.17
June,25,2019,57.63
June,24,2019,57.73
June,21,2019,57.35
June,20,2019,56.88
June,19,2019,53.74
June,18,2019,53.86
June,17,2019,51.94
June,14,2019,52.47
June,13,2019,52.38
June,12,2019,51.13
June,11,2019,53.30
June,10,2019,53.33
June,7,2019,53.95
June,6,2019,52.59
June,5,2019,51.57
June,4,2019,53.50
June,3,2019,53.25
May,31,2019,53.49
May,30,2019,56.47
May,29,2019,58.84
May,28,2019,58.91
May,27,2019,58.40
May,24,2019,58.40
May,23,2019,57.65
May,22,2019,61.42
May,21,2019,63.02
May,20,2019,63.12
May,17,2019,62.77
May,16,2019,62.93
May,15,2019,62.03
May,14,2019,61.82
May,13,2019,60.97
May,10,2019,61.65
May,9,2019,61.58
May,8,2019,62.13
May,7,2019,61.41
May,6,2019,62.30
May,3,2019,61.98
May,2,2019,61.75
May,1,2019,63.55
April,30,2019,63.83
April,29,2019,63.39
April,26,2019,63.29
April,25,2019,65.23
April,24,2019,65.96
April,23,2019,66.24
April,22,2019,65.66
April,18,2019,64.02
April,17,2019,63.74
April,16,2019,64.01
April,15,2019,63.43
April,12,2019,63.86
April,11,2019,63.61
April,10,2019,64.62
April,9,2019,64.05
April,8,2019,64.37
April,5,2019,63.10
April,4,2019,62.12
April,3,2019,62.46
April,2,2019,62.53
April,1,2019,61.59
March,29,2019,60.19
March,28,2019,59.29
March,27,2019,59.39
March,26,2019,59.87
March,25,2019,58.71
March,22,2019,58.87
March,21,2019,59.98
March,20,2019,60.12
March,19,2019,59.12
March,18,2019,59.09
March,15,2019,58.51
March,14,2019,58.59
March,13,2019,58.27
March,12,2019,56.89
March,11,2019,56.79
March,8,2019,55.77
March,7,2019,56.60
March,6,2019,56.22
March,5,2019,56.55
March,4,2019,56.60
March,1,2019,55.76
February,28,2019,57.21
February,27,2019,56.92
February,26,2019,55.40
February,25,2019,55.32
February,22,2019,57.01
February,21,2019,56.95
February,20,2019,56.90
February,19,2019,56.12
February,15,2019,55.58
February,14,2019,54.40
February,13,2019,53.84
February,12,2019,53.14
February,11,2019,52.43
February,8,2019,52.75
February,7,2019,52.68
February,6,2019,53.94
February,5,2019,53.69
February,4,2019,54.57
February,1,2019,55.29
January,31,2019,53.84
January,30,2019,54.18
January,29,2019,53.07
January,28,2019,51.79
January,25,2019,53.53
January,24,2019,52.94
January,23,2019,52.44
January,22,2019,52.59
January,18,2019,53.60
January,17,2019,51.83
January,16,2019,52.08
January,15,2019,51.80
January,14,2019,50.31
January,11,2019,51.44
January,10,2019,52.42
January,9,2019,52.19
January,8,2019,49.58
January,7,2019,48.27
January,4,2019,47.76
January,3,2019,46.92
January,2,2019,46.31
December,28,2018,45.15
December,27,2018,44.48
December,26,2018,46.04
December,25,2018,45.38
December,24,2018,45.38
December,21,2018,45.38
December,20,2018,45.64
December,19,2018,47.96
December,18,2018,46.12
December,17,2018,49.80
December,14,2018,51.26
December,13,2018,52.69
December,12,2018,51.04
December,11,2018,51.65
December,10,2018,51.07
December,7,2018,52.76
December,6,2018,51.54
December,5,2018,52.64
December,4,2018,53.21
December,3,2018,52.98
November,30,2018,50.78
November,29,2018,51.46
November,28,2018,50.06
November,27,2018,51.31
November,26,2018,51.46
November,21,2018,54.41
November,20,2018,53.39
November,19,2018,57.16
November,16,2018,56.49
November,15,2018,56.45
November,14,2018,56.16
November,13,2018,55.63
November,12,2018,59.85
November,9,2018,60.19
November,8,2018,60.71
November,7,2018,61.69
November,6,2018,62.16
November,5,2018,63.12
November,2,2018,63.12
November,1,2018,63.67
October,31,2018,65.31
October,30,2018,66.18
October,29,2018,67.00
October,26,2018,67.58
October,25,2018,67.25
October,24,2018,66.56
October,23,2018,66.49
October,22,2018,69.25
October,19,2018,69.16
October,18,2018,68.63
October,17,2018,69.63
October,16,2018,71.93
October,15,2018,71.84
October,12,2018,71.41
October,11,2018,70.97
October,10,2018,73.18
October,9,2018,74.95
October,8,2018,74.27
October,5,2018,74.26
October,4,2018,74.44
October,3,2018,76.40
October,2,2018,75.16
October,1,2018,75.37
September,28,2018,73.16
September,27,2018,72.18
September,26,2018,72.22
September,25,2018,73.40
September,24,2018,73.23
September,21,2018,70.80
September,20,2018,70.77
September,19,2018,71.08
September,18,2018,69.87
September,17,2018,68.86
September,14,2018,68.98
September,13,2018,68.60
September,12,2018,70.37
September,11,2018,69.29
September,10,2018,67.55
September,7,2018,67.73
September,6,2018,67.81
September,5,2018,68.69
September,4,2018,69.82
August,31,2018,69.84
August,30,2018,70.25
August,29,2018,69.68
August,28,2018,68.54
August,27,2018,69.97
August,24,2018,69.71
August,23,2018,69.13
August,22,2018,67.85
August,21,2018,67.32
August,20,2018,66.50
August,17,2018,65.93
August,16,2018,65.44
August,15,2018,65.07
August,14,2018,67.04
August,13,2018,67.25
August,10,2018,67.61
August,9,2018,66.81
August,8,2018,66.92
August,7,2018,69.17
August,6,2018,69.01
August,3,2018,68.49
August,2,2018,68.95
August,1,2018,68.80
July,31,2018,69.88
July,30,2018,71.19
July,27,2018,68.66
July,26,2018,71.59
July,25,2018,71.13
July,24,2018,70.77
July,23,2018,67.90
July,20,2018,70.31
July,19,2018,69.42
July,18,2018,68.78
July,17,2018,68.03
July,16,2018,68.22
July,13,2018,71.03
July,12,2018,70.28
July,11,2018,70.47
July,10,2018,74.11
July,9,2018,73.93
July,6,2018,73.78
July,5,2018,73.05
July,3,2018,74.19
July,2,2018,73.89
June,29,2018,74.13
June,28,2018,73.45
June,27,2018,77.41
June,26,2018,75.23
June,25,2018,69.91
June,22,2018,69.02
June,21,2018,65.68
June,20,2018,65.92
June,19,2018,65.09
June,18,2018,65.91
June,15,2018,65.01
June,14,2018,66.91
June,13,2018,66.63
June,12,2018,66.38
June,11,2018,66.10
June,8,2018,65.77
June,7,2018,65.96
June,6,2018,64.75
June,5,2018,65.51
June,4,2018,64.76
June,1,2018,65.81
May,31,2018,66.98
May,30,2018,68.24
May,29,2018,66.80
May,25,2018,67.92
May,24,2018,70.77
May,23,2018,71.85
May,22,2018,72.09
May,21,2018,72.26




